Итерация 1: [49, 38, 80, 67, 52, 93, 61, 34, 83, 79],
Итерация 2: [49, 38, 67, 80, 52, 93, 61, 34, 83, 79],
Итерация 3: [49, 38, 67, 52, 80, 93, 61, 34, 83, 79],
Итерация 4: [49, 38, 67, 52, 80, 61, 93, 34, 83, 79],
Итерация 5: [49, 38, 67, 52, 80, 61, 34, 93, 83, 79],
Итерация 6: [49, 38, 67, 52, 80, 61, 34, 83, 93, 79],
Итерация 7: [49, 38, 67, 52, 80, 61, 34, 83, 79, 93],
Итерация 8: [38, 49, 67, 52, 80, 61, 34, 83, 79, 93],
Итерация 9: [38, 49, 52, 67, 80, 61, 34, 83, 79, 93],
Итерация 10: [38, 49, 52, 67, 61, 80, 34, 83, 79, 93],
Итерация 11: [38, 49, 52, 67, 61, 34, 80, 83, 79, 93],
Итерация 12: [38, 49, 52, 67, 61, 34, 80, 79, 83, 93],
Итерация 13: [38, 49, 52, 61, 67, 34, 80, 79, 83, 93],
Итерация 14: [38, 49, 52, 61, 34, 67, 80, 79, 83, 93],
Итерация 15: [38, 49, 52, 61, 34, 67, 79, 80, 83, 93],
Итерация 16: [38, 49, 52, 34, 61, 67, 79, 80, 83, 93],
Итерация 17: [38, 49, 34, 52, 61, 67, 79, 80, 83, 93],
Итерация 18: [38, 34, 49, 52, 61, 67, 79, 80, 83, 93],
Итерация 19: [34, 38, 49, 52, 61, 67, 79, 80, 83, 93],
